[44,13,15,0.225,13.7,"2021-04-28T14:43:15.135267333Z"] asdasd asdasdasdasd
[44,13,15,0.18,12.2,"2021-04-28T15:48:23.848022788Z"]
[44,13,15,0.225,11.6,"2021-04-28T16:53:32.256243179Z"]
[44,13,15,0.225,11.6,"2021-04-28T17:58:36.604725242Z"]
[44,13,15,0.225,11.7,"2021-04-28T19:03:39.430618861Z"]
[44,13,15,0.225,11.8,"2021-04-28T20:08:40.929245245Z"]
[44,12,15,0.225,11.5,"2021-04-28T22:18:40.702309Z"]
[44,12,15,0.225,11.4,"2021-04-28T23:23:39.897791617Z"]
[44,12,15,0.225,11.5,"2021-04-29T00:28:38.723486284Z"]
[44,12,15,0.225,11.4,"2021-04-29T01:33:36.316502204Z"]
[44,12,15,0.255,11.5,"2021-04-29T02:38:32.486677724Z"]
[44,12,15,0.225,11.6,"2021-04-29T03:43:27.757487872Z"]
[44,11,15,0.225,11.7,"2021-04-29T04:48:23.23847786Z"]
[44,11,15,0.18,11.9,"2021-04-29T05:53:19.437852159Z"]
[44,11,15,0.225,12.2,"2021-04-29T06:58:16.170285219Z"]
[44,11,15,0.255,13.7,"2021-04-27T07:17:10.748138914Z"]
[44,11,15,0.255,13.7,"2021-04-27T08:22:09.438720464Z"]
[44,12,15,0.225,13.7,"2021-04-27T10:32:10.850078385Z"]
[44,12,15,0.225,12.7,"2021-04-27T11:37:16.712153431Z"]
[44,13,15,0.18,11.6,"2021-04-27T12:42:26.821415958Z"]
[44,13,15,0.255,11.5,"2021-04-27T13:47:38.752653564Z"]
[44,13,15,0.225,11.6,"2021-04-27T17:02:58.812703217Z"]
[44,13,15,0.18,11.6,"2021-04-27T18:08:01.952412591Z"]
[44,13,15,0.225,11.8,"2021-04-27T19:13:04.062915936Z"]
[44,13,15,0.225,12.2,"2021-04-27T20:18:05.222065429Z"]
[44,12,15,0.255,13.4,"2021-04-27T21:23:05.530768681Z"]
[44,13,15,0.225,13.7,"2021-04-27T22:28:05.8912947Z"]
[44,12,15,0.255,13.7,"2021-04-27T23:33:06.50552592Z"]
[44,12,15,0.225,13.7,"2021-04-28T00:38:06.713984103Z"]
[44,12,15,0.225,13.7,"2021-04-28T01:43:06.523430921Z"]
[44,12,15,0.225,13.7,"2021-04-28T02:48:05.970096706Z"]
[44,12,15,0.255,13.7,"2021-04-28T03:53:05.211616176Z"]
[44,12,15,0.255,13.7,"2021-04-28T04:58:04.467022129Z"]
[44,12,15,0.225,13.7,"2021-04-28T06:03:03.32406741Z"]
[44,12,15,0.225,13.7,"2021-04-28T07:08:02.319113311Z"]
[44,12,15,0.225,13.7,"2021-04-28T09:18:00.937217658Z"]
[44,12,15,0.225,13.7,"2021-04-28T10:23:01.261708148Z"]
[44,13,15,0.18,13.7,"2021-04-28T11:28:04.46475647Z"]
[27,27,12,0.165,11.1,"2021-03-05T15:53:52.998"]
[27,27,12,0.165,11.5,"2021-03-05T16:59:5.583"]
[27,27,12,0.12,11.5,"2021-03-05T18:4:18.599"]
[27,27,12,0.15,11.5,"2021-03-05T19:9:28.164"]
[27,27,12,0.165,11.4,"2021-03-05T20:14:34.63"]
[27,27,12,0.165,11.3,"2021-03-05T21:19:34.951"]
[27,27,12,0.165,11.2,"2021-03-05T22:24:33.965"]
[27,27,12,0.165,11.2,"2021-03-05T23:29:31.524"]
[27,27,11,0.165,11.2,"2021-04-06T0:34:28.450"]
[27,27,11,0.165,11.1,"2021-04-06T1:39:25.567"]
[27,27,11,0.15,11.1,"2021-04-06T2:44:22.98"]
[27,27,11,0.15,11.1,"2021-04-06T3:49:17.91"]
[27,27,10,0.15,11.1,"2021-04-06T4:54:11.150"]
[27,27,10,0.165,11.1,"2021-04-06T5:59:4.329"]
[27,27,10,0.165,11.1,"2021-04-06T7:3:57.149"]
[27,27,10,0.165,11.2,"2021-04-06T8:8:51.161"]
[27,27,10,0.15,11.2,"2021-04-06T9:13:46.319"]
[27,27,11,0.165,11.3,"2021-04-06T10:18:43.735"]
[27,27,11,0.165,11.3,"2021-04-06T11:23:41.820"]
[27,27,11,0.165,11.3,"2021-04-06T12:28:42.949"]
[27,27,12,0.15,11.4,"2021-04-06T13:33:49.165"]
[27,27,12,0.165,11.4,"2021-04-06T14:38:59.312"]
[27,27,12,0.15,11.5,"2021-04-06T15:44:13.426"]
[27,27,12,0.12,11.6,"2021-04-06T16:49:27.615"]
[27,27,12,0.12,11.5,"2021-04-06T17:54:44.570"]
[27,27,12,0.15,11.5,"2021-04-06T18:59:59.461"]
[27,27,12,0.165,11.5,"2021-04-06T20:5:10.175"]
[27,27,12,0.165,11.4,"2021-04-06T21:10:13.167"]
[27,27,12,0.15,11.4,"2021-04-06T22:15:14.325"]
[27,27,12,0.165,11.3,"2021-04-06T23:20:13.877"]
[27,27,11,0.195,11.3,"2021-04-01T0:15:31.252"]
[27,27,11,0.165,11.2,"2021-04-01T1:20:27.518"]
[27,27,11,0.15,11.2,"2021-04-01T2:25:22.759"]
[27,27,11,0.15,11.2,"2021-04-01T3:30:17.683"]
[27,27,10,0.165,11.1,"2021-04-01T4:35:12.720"]
[27,27,10,0.15,11.1,"2021-04-01T6:45:1.894"]
[27,27,10,0.165,11.1,"2021-04-01T7:49:56.53"]
[27,27,10,0.165,11.2,"2021-04-01T8:54:51.758"]
[27,27,10,0.165,11.2,"2021-04-01T9:59:48.922"]
[27,27,11,0.195,11.3,"2021-04-01T11:4:47.391"]
[27,27,12,0.15,11.4,"2021-04-01T12:9:48.841"]
[27,27,12,0.15,11.4,"2021-04-01T13:14:56.518"]
[27,27,12,0.12,11.5,"2021-04-01T14:20:9.836"]
[27,27,12,0.12,11.6,"2021-04-01T15:25:28.898"]
