[50,25,26,60,6.2,"2021-01-01T15:54:30.181436766Z"]
[50,26,27,59,6.2,"2021-01-07T16:05:30.85140722Z"]
[49,27,26,59,6.2,"2021-01-08T15:54:30.181436766Z"]
[49,28,27,58,6.2,"2021-01-13T16:05:30.85140722Z"]
[53,27,26,58,6.2,"2021-01-15T15:54:30.181436766Z"]
[53,28,27,57,6.2,"2021-01-20T16:05:30.85140722Z"]
[48,27,26,57,6.2,"2021-01-21T15:54:30.181436766Z"]
[48,28,27,60,6.2,"2021-01-25T16:05:30.85140722Z"]
[60,25,26,60,6.2,"2021-02-01T15:54:30.181436766Z"]
[60,26,27,59,6.2,"2021-02-07T16:05:30.85140722Z"]
[59,27,26,59,6.2,"2021-02-08T15:54:30.181436766Z"]
[59,28,27,58,6.2,"2021-02-13T16:05:30.85140722Z"]
[61,27,26,58,6.2,"2021-02-15T15:54:30.181436766Z"]
[61,28,27,57,6.2,"2021-02-20T16:05:30.85140722Z"]
[58,27,26,57,6.2,"2021-02-21T15:54:30.181436766Z"]
[58,28,27,60,6.2,"2021-02-25T16:05:30.85140722Z"]
[40,25,26,60,6.2,"2021-03-01T15:54:30.181436766Z"]
[40,26,27,59,6.2,"2021-03-07T16:05:30.85140722Z"]
[39,27,26,59,6.2,"2021-03-08T15:54:30.181436766Z"]
[39,28,27,58,6.2,"2021-03-13T16:05:30.85140722Z"]
[51,27,26,58,6.2,"2021-03-15T15:54:30.181436766Z"]
[51,28,27,57,6.2,"2021-03-20T16:05:30.85140722Z"]
[48,27,26,57,6.2,"2021-03-21T15:54:30.181436766Z"]
[48,28,27,60,6.2,"2021-03-25T16:05:30.85140722Z"]
[30,25,26,60,6.2,"2021-04-01T15:54:30.181436766Z"]
[30,26,27,59,6.2,"2021-04-07T16:05:30.85140722Z"]
[49,27,26,59,6.2,"2021-04-08T15:54:30.181436766Z"]
[49,28,27,58,6.2,"2021-04-13T16:05:30.85140722Z"]
[52,27,26,58,6.2,"2021-04-15T15:54:30.181436766Z"]
[52,28,27,57,6.2,"2021-04-20T16:05:30.85140722Z"]
[48,27,26,57,6.2,"2021-04-21T15:54:30.181436766Z"]
[48,28,27,60,6.2,"2021-04-25T16:05:30.85140722Z"]
[70,25,26,60,6.2,"2021-05-01T15:54:30.181436766Z"]
[70,26,27,59,6.2,"2021-05-07T16:05:30.85140722Z"]
[69,27,26,59,6.2,"2021-05-08T15:54:30.181436766Z"]
[69,28,27,58,6.2,"2021-05-13T16:05:30.85140722Z"]
[71,27,26,58,6.2,"2021-05-15T15:54:30.181436766Z"]
[71,28,27,57,6.2,"2021-05-20T16:05:30.85140722Z"]
[48,27,26,57,6.2,"2021-05-21T15:54:30.181436766Z"]
[48,28,27,60,6.2,"2021-05-25T16:05:30.85140722Z"]
[80,25,26,60,6.2,"2021-06-01T15:54:30.181436766Z"]
[80,26,27,59,6.2,"2021-06-07T16:05:30.85140722Z"]
[79,27,26,59,6.2,"2021-06-08T15:54:30.181436766Z"]
[69,28,27,58,6.2,"2021-06-13T16:05:30.85140722Z"]
[51,27,26,58,6.2,"2021-06-15T15:54:30.181436766Z"]
[71,28,27,57,6.2,"2021-06-20T16:05:30.85140722Z"]
[68,27,26,57,6.2,"2021-06-21T15:54:30.181436766Z"]
[58,28,27,60,6.2,"2021-06-25T16:05:30.85140722Z"]